US Atlantic Herring Survey Data
105
SpringNMFSAlbatross
1965 2017
1 1 0 0.5
2 8
1 18.3254219756546 3.85161242633428 30.1547083363474 1.50112884149408 0.0194231600384083 0.129031588527517 1.3295960618055
1 8.09750864893534 32.007154559394 1.17318604473103 1.78192616516685 0.30501619692946 0.00280179763628949 0.0834851464957309
1 1.59110691057112 2.4247392944267 22.3354315106695 0.602688675114561 0.501420051943418 0.146188913464757 0.0846912305619823
1 1.39023731404929 15.2802064802839 3.64921561941498 6.20716067133758 0.180791648257223 0.212211546407689 0.075229685904074
1 4.35320672717685 5.19188882080468 3.51015370682311 4.58349529305769 8.83720140577069 0.0989322010366137 0.231154031244677
1 9.12298200228126 3.80454048603649 7.58608795283671 1.85732570119277 1.49616567371514 1.49096108303817 0.133464936985787
1 11.8585434152996 3.64912610144883 3.54258129522921 1.71691584218446 1.83294261170904 0.321982092327989 1.01778312101431
1 15.8581429879859 10.0828003329755 4.86589675529589 0.382348916885915 1.62181224238903 0.0878414606259225 3.68003196837894
1 13.9369063402831 7.73041034921282 3.8650451945052 3.20719087601973 0.551197631067139 0.0269692261346976 0.699012655175864
1 8.66329863082375 3.96890555257503 6.3156994557115 3.36896995599606 2.15009426887611 0.0644228108985639 0.121406781939686
1 5.22618436171082 3.5910364068895 14.3846750158773 1.90256228531784 2.8328487853008 0.307422627466637 0.153422404347476
1 2.13394315293546 8.33844162601644 3.95430357091135 4.71726995538671 1.57436630952588 0.115130324663092 0.0463920633674039
1 32.0157263079166 0.83907849348474 2.53015531810835 0.839377608306718 0.405180733771082 0.501365133886031 0.0139887438071404
1 5.4826023390851 1.58999857801539 0.772864711705313 0.699508494222158 0.281687982831265 1.33631196361262 0.0952779204979211
1 0.835611804604325 2.31357553879552 1.84462469477268 0.433776899298843 0.221475190361729 0.22834503738232 0.427300337891127
1 10.0115713280872 3.45110329266923 0.76732024469129 0.498417468508547 0.123245940456007 0.0103100388322707 0.072005019097038
1 14.0573282535241 2.47620432078749 1.31862992224254 0.276513229453215 0.114866922710284 0.012077538807145 0.0481133965692342
1 1.114224952569 2.6167178116844 2.81394201413657 0.413650092755617 0.322256463734507 0.058912026193141 0.0475707149254637
1 3.63719302888025 4.32002154968022 2.00885286772123 1.58655603424406 0.336023403498987 0.0165990929145521 0.0103782786509898
1 5.4352243504752 3.63408000854759 2.27965451062626 0.254316757846866 0.289846313327378 0.017603295629248 0.0334477933406582
1 11.9644104450708 4.80231411645802 4.58001106583013 0.52081383234666 0.178726949194388 0.0397885245317555 0.0128951320530534
1 7.22606059526701 2.84201460392872 5.65710056968207 1.51583546153349 0.33838926977606 0.0075628335573566 0.00272590989031432
1 5.16927331876795 11.5339709064264 4.23602168119724 3.80342401572684 3.14245347803733 0.00889299616833145 0.0207991364141109
1 4.93596746442193 2.70230880456685 10.022430311386 1.41021487200722 1.4421156475715 2.623549421033 0.00689370178731043
1 4.39605940165013 12.6046722076816 5.42458365781863 4.45450954869823 0.673552908213 0.034798851080909 0.0299758869580959
1 42.5369669836962 7.42778145719569 4.11830403259592 2.8409236639029 0.97833799144204 0.0180270346383296 0.00756624757921035
1 15.1624312631451 12.513641028281 14.7313753933368 3.31146371719478 1.34215520272373 0.0780712629187045 0.00117882235165121
1 3.7834909844773 7.79196738236404 11.4678269228658 8.69428335849825 1.09098751978936 0.0810522368295656 0.0119882103743275
1 32.4808115526498 13.6503899448111 2.61792162166363 4.05238727673472 13.0787314142051 0.954155619109474 0.00308774473288552
1 6.68797882665941 2.13779379976398 3.40370291561202 1.83179329800548 2.39631092413541 0.685213912226783 0.0614693302432271
1 4.38396862350517 6.17990242027117 14.3446312741609 2.01338150899165 4.83049854349492 3.13062808649404 0.173982026864742
1 9.05238295574409 16.711722728021 12.205628675362 7.02619799862483 2.92164988023523 1.05492031512895 0.311163807606487
1 3.93100616654562 24.4116320929229 3.95434294376894 1.41024721264605 1.68692843860579 1.53052498534555 6.61471999298345
1 9.95065991211893 7.77053900595697 6.47537202119149 6.92591778207932 7.00965461741397 0.369362088538735 0.0703516710116293
1 20.5836904234144 34.4468134192307 11.3215212838011 8.27745606318682 23.0540952290816 0.490132530057686 2.67833238346221
1 1.10207306196873 26.9606079929661 11.5377806286018 11.2512392861251 0.484914755370779 0.322320855226168 0.332450842458015
1 1.81155282527959 34.1877434500519 36.5742059656418 14.9254735989391 5.12353850410055 0.411589674145367 0.841180853742534
1 3.87482361113595 10.6883445915378 14.6812939337636 9.50178982834825 5.36735271396482 8.62684048536034 0.76535331512471
1 11.4933814259696 15.1941679500429 8.75296755525229 9.12133414463087 5.78797657530523 0.437062007189848 0.166681626018263
1 5.61262001983549 8.44667787409688 13.982066225424 5.02269053095104 2.96185468158576 15.2304319482345 2.57548948730954
1 13.5534612856993 5.04101773382472 17.9690355798432 5.5293792792848 4.68830389548544 9.43541668135334 0.486030015466548
1 5.53642737224716 28.9595758587027 5.85129835291962 5.31295897416848 4.34523743256043 0.774649203143947 2.70938628829639
1 15.4085132857374 11.6380365372833 14.5017637026729 2.34693627576685 2.0692953985766 0.932914247678939 3.11490511677764
1 3.94402770164858 48.5109257068028 8.54968686237335 4.87513791517046 1.73312728433117 5.12560707473005 1.17316727394871
1 5.69931369562213 8.33142892373796 41.5267814395789 5.16900675201157 2.68042677742464 0.639875145220511 0.239018179432379
1 2.82471356497545 30.8169669500341 3.00639981413304 2.57077307657475 6.62529998150137 0.295233854220367 0.113420920530165
1 5.44782051420065 21.2318455691613 8.18713850526134 5.2341051369739 1.49670580253983 6.16000402679289 0.0110171468670888
1 14.207522636671 54.528210514993 26.4356891255198 3.82975572264765 0.891495759423143 0.32657686397703 0.0808675348734076
1 9.57864897657856 16.4691528130397 24.2416820918814 18.7115551496289 0.853535825273908 0.0797882471093528 0.0124057685711436
1 8.83855444268056 16.0970254887187 3.76309985578232 7.97767418292992 3.85277540614691 2.46139386508016 0.11905381753626
1 2.20475965248187 7.28196689847111 12.7563757362754 10.286716776707 5.17789751912526 0.604808744419881 0.227839433438985
1 2.74849131110961 11.3627556736918 10.0936406801731 9.39473237807944 5.79640041155025 1.35368911839147 0.209802648932574
1 3.04876504221143 9.90414633437216 13.4239741597434 2.20056854637632 2.17561105794366 1.61986792297783 0.819060654889436
FallNMFSAlbatross
1965 2017
1 1 0.5 1
2 8
1 1.42174632119424 1.39626126621159 3.29400812634498 2.58594177642968 0.0080469974163779 0.317857484847677 2.26358617457478
1 1.94525285417853 3.49449388911369 2.30656207317644 3.33651786746081 2.29940684037593 0.0111581444407918 0.415147089581789
1 2.9687781119965 1.56663047877331 9.6087582752122 1.06743418442159 4.62345496482283 0.670949997989024 0.0510119187300944
1 3.54423191553547 2.96812138772329 14.3349717694813 9.45222080662761 0.403022797758384 2.25005034005989 0.0977631559692464
1 1.12214255211459 2.14626504394886 5.84206873569629 3.50064317106932 6.33936458035879 1.07203624092427 0.514825936248806
1 0.75709574935405 13.2234142733102 3.0121883224972 4.49247834132665 1.56716914705999 0.936798149437962 0.599817284978606
1 1.93432380686798 26.5455344147262 5.95797873135509 2.81116758242312 1.33334849063321 1.03441430569723 0.764805506651707
1 2.71136968913502 3.11762503163591 12.3918593494074 1.68054864166511 2.74911337289267 0.859418199308939 0.837161665139989
1 5.01294333618184 4.17375676197199 4.1800838572707 2.42901572503981 3.78063124842061 0.481710803250523 0.152656764183598
1 1.02086502955387 2.89622926599982 4.82379670606083 5.42707522693227 3.62059463118509 0.794446956827686 0.401024804860069
1 0.894695676440006 2.7224855585735 2.4989388350969 1.61803055481124 2.73359347027042 0.476321231417492 0.221011879683154
1 0.792871857973029 2.84140754166157 4.46345034238725 1.07619312072441 3.02472179982677 0.835715248367326 0.13759250693554
1 0.609783446757089 5.39743657417676 1.80959088590857 4.49391172119962 0.730022705612598 0.128894461633532 0.590711615246236
1 2.55442074329664 7.27464457791528 0.337359701396096 0.30681462018903 0.0779604851964019 0.466935263854813 0.13848732126653
1 1.16131769312628 0.849351272970176 1.09932643693341 0.314611780797031 0.438705023886874 0.0514397545518922 0.0642677753814901
1 1.44862466614976 1.57313877836193 0.568759181106462 0.60211422028589 0.300978103393679 0.41386795011232 0.546881767432736
1 0.693976900534638 1.4420084388902 2.19781844070144 0.982103890804759 0.1135546378052 0.0509979055056223 0.0666783894782229
1 1.10081171189431 3.49409226781309 0.818696123224028 0.618834165148488 0.109147807353788 0.0697804054376827 0.0315124563268179
1 3.30171025090106 11.950078384002 0.911865363434391 0.247280203026263 0.142307118241845 0.0855290469561505 0.108928579150498
1 1.84756779124907 16.3190803138949 2.16497700295487 0.593908564544617 0.372059994536011 0.129976380718917 0.0315332245293328
1 2.18665960382856 3.08573859539105 3.4326111264612 1.95637232887659 0.243479830918191 0.0666683675482215 0.0361380960384016
1 1.97078558709183 1.86409903783399 1.42454896499414 2.36728222293283 0.828822367335421 0.357015369524058 0.0426708680628238
1 2.53840053608653 8.72693168452816 12.8153933183222 3.72984363174616 9.9309928087726 0.114820497992983 0.0129747668374785
1 1.91971282399125 9.43037036594504 12.9579228638788 7.77883737625927 1.29925263308046 0.455678508614809 0.00659218288488633
1 1.32083735174132 12.4661579544688 2.64494051275045 6.17700819067136 0.450329237809523 0.0827819822576166 0.0446891336373147
1 1.77784712920594 8.27442879889095 4.52411143060523 3.24447228508128 1.96217208398563 0.02824224456502 0.0227647304382404
1 0.623829219995331 2.21551859271232 22.2854020495895 13.1824791300116 0.638050463852998 0.323889148639112 0.00224261849317443
1 4.32187165572281 5.58374453606282 3.08533861026176 46.0969938861822 0.957099727745069 1.11720194981861 0.0307090761793574
1 2.86000075932808 12.6342879656102 6.77777905938187 14.7960904435724 13.5624191255403 0.643033464782879 0.0259679835493241
1 0.69666213034288 10.0740305361789 13.5552693594487 4.33111350705691 2.99731948497076 1.96927600485809 0.283822574244149
1 7.92554593093715 6.18081235685664 10.3505185953668 4.66163496136749 2.52249103204608 2.22014779620048 1.7002953678241
1 4.7886913397486 13.7289352243252 2.99387872401399 4.42569168129637 3.27694130227532 3.11555100130857 1.58059755724407
1 3.53465047890051 18.6398296264636 15.2951942581972 7.06591539077253 4.13470160297212 6.28387974177918 1.47376701308676
1 3.75232635354973 63.2904689945861 25.4151115887413 6.49726654799078 20.0404924482861 8.74002143748745 0.549648715411976
1 11.2368750008887 38.716480842067 11.4221945222065 3.51501788153219 13.7010526246053 1.73643114711735 1.2706417933843
1 8.41514809429653 15.3564090692009 19.1918369379998 6.52072670884371 5.86124305791565 4.34798912564626 0.557801279824521
1 7.96893366082398 30.5168157696864 6.6420608545438 27.4267435868023 2.53169474542387 1.25544500156871 0.981121648687359
1 2.78590158640082 34.782480043686 11.4591420574841 15.5545373676497 8.44727933172689 13.5882762623024 0.852329868200269
1 5.70843813352031 14.0386635293207 12.8607845651702 13.0730825742567 9.92673642532197 4.56151890017754 8.69889191983462
1 4.34918346443031 18.8288211114228 7.19311275146612 7.82853062183736 18.4319211666297 11.2206924433964 2.85657970767456
1 5.77740387416519 5.69808527800392 9.86930451508047 7.43821329732419 3.25260700825336 6.13887002144927 6.33891959280258
1 1.29816549213546 8.08368536244206 27.8235707807014 63.9543526504631 2.88592534223047 2.5501438441672 20.5361412587968
1 3.52954457140939 5.37067441294857 19.7673275334827 7.64365389718118 3.29581557906263 1.18987249779274 5.54589738352304
1 9.289688657452 9.4032686465685 15.2345269681501 8.14668240837057 4.478876217464 3.57842150118328 0.875568002845927
1 5.49689240533546 8.7951032370081 10.2226382157636 4.07569232212875 2.11507849207666 1.64084743264825 1.4823517062646
1 0.661795390164074 5.70571836446766 43.0422415130433 19.2776295262911 1.46547531152774 2.05723541985944 0.0474030150687381
1 8.51461881141979 75.3587837076875 5.11749761751365 3.61221145575419 3.9702129107775 0.572153443244435 0.390090908865073
1 13.00397021559 24.6562125353364 18.7087011414149 9.21864137297333 1.28443092299515 0.101865878809358 0.170452757213255
1 2.33843823316654 6.85695501507277 22.2706253623554 19.1093727089176 5.05952156213401 1.62968754628681 0.139582855129058
1 0.85717786416317 3.52621931251389 6.01539126396258 41.0958160137525 3.13824638810704 0.464647988777337 0.435241084585789
1 2.34490732468791 6.34669564415522 19.0668983947511 13.3642300325245 6.86879248497348 1.53975384469299 0.523966169892838
1 0.961068129316907 10.0718857659302 10.2998557484353 6.04428782854052 9.77579324775703 1.25975712793682 0.778557085095525
1 4.35513174414388 5.54857071993159 4.68808858277682 4.00986926520663 12.1911505437407 5.98592895754522 7.96340627198208
SpringNMFSBigelow
1965 2017
1 1 0 0.5
2 8
1 74.1615644697344 56.3658284246201 31.0077373255164 8.25915018839974 0.0933615905998432 0.879421961645652 4.45859245167351
1 15.5933909347396 46.2598751974298 13.1371813395912 23.765558146114 3.98677612430306 0.0643240353454727 3.91279034468575
1 38.9905188906797 68.0649763722397 132.515239786658 13.1149694244351 15.6326477668809 0.910888720164664 1.48573904464097
1 109.241212948583 38.1365726995678 30.0266650587544 38.1004767981449 6.51112665275812 9.39065754971411 3.22387286418308
1 31.36213061801 153.164333422394 47.667149529607 26.2051136135374 21.5124768254212 3.38573179166198 3.19395411830668
1 72.9188194874838 46.792818653106 70.7934412707087 32.7277114588086 11.0874733956326 18.3190201896087 3.54857065418567
1 281.721080297793 64.8011060185385 23.6669665607554 24.3995662784368 6.71730105201052 6.8910365602296 11.3032541494211
1 23.0479315000637 14.4353211436648 20.8972104739286 9.22477826201733 6.09660072628486 3.85477179345302 3.45579738547027
1 32.6930309387315 45.9118342741958 55.3928212985964 18.7062099845567 5.16978156172097 5.86469871843149 2.2168379881772
1 25.6077817565494 171.522799401133 45.5409623668869 31.5486883955863 16.6876375818698 2.81464358859801 1.97274967583082
1 16.5207344305128 19.8629416410694 38.026316702272 34.7246322354676 8.01224907448877 4.11351320654012 2.07538450557035
1 21.8814129095034 25.7690994473928 14.3175628633674 18.4809860743634 6.97343343813276 4.3410932733834 1.91822084416437
1 6.78466872035431 14.1983733444608 24.8714259443897 12.0445797562829 4.70346367244299 7.5987362075411 1.41403654702509
1 64.2286333050991 80.8650835026879 14.8970878096432 4.46266479878976 3.03798334613322 5.08249505408449 4.2863513985396
1 9.61720637034146 6.30519960904565 15.0184706520349 5.61806544620467 5.16494109417192 1.33649012446194 1.59973935018026
1 3.19367477479968 17.8523400382347 6.34532575117727 3.9156998709585 3.31049695402533 0.67980016880989 0.299410808005126
1 4.64464163554887 19.4886933052199 11.9880038116174 3.86817737359307 1.57375460763976 0.745920911006028 0.322747918706785
1 24.7458728500804 2.35855330067385 9.47621142435375 4.04266085199431 2.73039726834918 0.999102884584036 0.420975473981009
1 33.4989602315949 57.7551298950088 10.6863374373494 4.0101038634485 2.53051914079265 0.53053201162543 0.26592481622995
1 8.96042207804655 105.727352920978 9.38999012844067 5.67774725262195 1.74179941242658 0.227348360634921 0.303835779878831
1 85.8916677054492 37.4577112327138 31.109386265033 19.3286992741193 1.46338979976807 1.03815255322859 0.142958003030426
1 11.1459226619633 45.4952432194139 102.11639790222 12.3497010582251 5.22392733647862 0.971204488003501 0.203854736635343
1 18.4504497554378 288.356006082068 29.2091815559139 14.7256755001664 10.936138557055 1.29735611835519 0.19993364918743
1 155.447054340447 31.438029651214 66.1313468179303 26.7828977225707 9.09310286194225 2.30599778190917 0.0856816556364022
1 24.2674041189989 25.8788527485058 33.8727342662513 45.1208231725527 9.43969501009544 4.332796035243 0.421423855965044
1 96.885144067814 172.171416343266 52.7600635060771 28.5352418510117 11.5746216400437 1.02653683531414 0.236674545769401
1 9.93660819169211 87.0499168686635 34.1164386305241 10.9970541740676 11.9454762773462 1.90509731259102 0.0426632980617484
1 22.3994153162112 214.722024745059 78.2242733610969 39.8500491445496 6.50510506183998 2.32136223800185 0.0722355797179035
1 14.3597853578428 37.1321255952918 30.2207796976151 47.3444279228184 33.335256730785 2.33126836244337 0.588175007613084
1 25.1044811751767 539.557273160877 67.1014035194393 17.7691848950137 22.9483669706182 8.38739934623887 0.788374566454733
1 160.473101287795 51.581204228352 40.1474956689043 24.9765671928567 14.2674205221884 19.1493416241261 1.82281755904324
1 49.4677468159179 85.5802432876884 99.7839624930518 69.6539932243508 18.8940376629437 8.37606176868717 6.34451408328607
1 32.0566540835029 75.6115139316572 95.6230055422524 68.0696224059545 36.3664949558358 10.009416469848 5.73037329625032
1 202.81102714221 81.5808879154515 133.601790670523 29.2349525805425 22.7123031155916 13.5213449426047 2.8613323160617
1 121.298328925184 32.6968129661976 118.69075222716 63.2338716980202 22.3097558692873 16.186020128522 5.77278975812786
1 6.74541053719112 83.428790017499 74.2963451627843 74.9093017678363 13.6670927999966 18.528626476672 9.00803049102231
1 31.9306936195863 251.413533351097 111.495620278879 64.7816863280331 41.5893467335684 8.17576711388744 8.66544075425503
1 88.4033162267019 414.831475689701 68.1230566983669 116.119965172729 42.32552855954 16.6685210221116 9.45505187763973
1 15.4159299635153 230.218368468019 86.463339087767 198.146560477909 29.6307071067029 14.7085642117523 11.4116479064417
1 248.286008369158 250.666750575907 134.930206345785 33.840400609863 122.988407422729 17.3473527403754 16.713180802069
1 105.667973650781 26.9137213853185 74.1793216762177 107.468970399872 21.0289855366051 44.1965726579165 30.216478458281
1 39.181396827776 445.843528493458 89.3572414072808 25.2799253296214 23.2834680504051 13.6728868495275 46.9091159537983
1 29.0674980600195 141.432983887531 82.2647143673775 26.0360840390371 26.1983417076084 20.0545902370466 18.708447189845
1 35.1436510983445 61.7051529832216 76.6808639966552 66.7506589195565 13.688303265774 9.14131485323811 16.0992860642231
1 83.506997260493 11.3199989418023 53.8674399625525 43.5580285653567 32.4777150223891 4.62682792516028 15.7042900282003
1 222.353067755496 110.035802203835 65.0659177295911 37.5864129614465 9.93257935015154 7.52093975282762 2.19354770619583
1 78.6161275582136 276.035865122721 128.699882260008 30.2274669051661 26.9873450311684 6.53750668086981 0.943614491322503
1 79.9504794228333 146.911307458096 217.899392543539 54.9531998896231 11.5362858554346 7.91881406628072 1.15276265096062
1 8.36387477515748 57.6621026634498 135.477391274888 112.176144089062 14.5709339298083 2.63763429054069 1.20352203795992
1 9.14878111726861 43.0586111422271 94.6124710695441 56.2508746931669 37.7991808794601 5.00088863244387 0.827259347824588
1 247.410633013664 16.1034584054145 58.8481443410897 66.5315543150489 30.6967380072572 16.0041128587589 2.36400263093857
1 32.3627533861532 14.8744462262797 54.2088880279096 59.6950048200203 22.9735922588295 9.72122607016991 8.17871319264549
1 13.3992610976474 67.7549217397065 58.8870609975998 24.718766417685 17.4320910894203 11.4225459640827 14.8877876274211
FallNMFSBigelow
1965 2017
1 1 0.5 1
2 8
1 9.72425903752597 11.5321092539003 33.3123690220126 9.53832977365067 0.0980336345987077 0.858209756671509 2.46768805704811
1 5.6515317526197 95.4857942569605 214.12943000049 19.9661729966686 2.06929008800973 0.18364878432871 5.34866640537337
1 13.8183253343811 23.9629098046967 47.862094939885 12.2147684502296 19.8805231554647 4.33723347163456 1.461959894265
1 9.39951718116015 45.8738392193837 51.9526050465361 107.085480237653 1.27491278859425 7.85806728676095 1.00202972521469
1 7.09299817564592 4.17361830717111 79.5560600604993 58.4537176120851 26.5205421743368 3.15497218179886 9.59682151622147
1 37.9755069670239 17.2038514708848 20.0738426469426 36.9923382124163 3.91449772013569 6.55091610136526 3.26921428289203
1 20.9566566687405 49.6689832479302 74.5271394244123 10.7078014555024 17.4280974780281 7.8667895413772 2.83273254923708
1 19.550358455295 39.5531819286879 3.78740088612716 13.6008388532459 29.0972865139187 1.89484846748814 3.85211104202294
1 25.8166928171732 166.08659741172 267.043346569085 72.2900524134895 17.078348660715 1.27874246744429 7.50817536285356
1 3.62672578267756 27.5990189328913 8.92360364320105 4.00065240621369 4.97536996828766 0.494551486801775 1.00715650907618
1 11.7493697294121 24.7598624112672 55.5784054136354 9.88610872037457 32.2142510646894 0.481342852215088 4.37969891929811
1 5.34284798109745 16.2817940161629 9.05020278439789 5.96940211303255 2.30576025609438 4.29378577861928 3.3128633977506
1 1.42460322192431 17.4772429702991 12.6425275419176 11.2154186866894 4.62878645123983 3.15158193647333 1.57404507126131
1 11.2322572036529 16.8568051185967 63.6806354867788 25.6799748990866 0.176470835260826 3.51466758743287 1.1350504181868
1 16.1884309717483 8.03081858750422 2.87567488496411 7.32993814298403 2.10019600836466 0.674017128643248 0.366191009376745
1 4.93999752492157 29.1053647285932 1.72761170061827 14.0316908972905 0.389109012166281 0.767628023262804 1.27915117094745
1 3.18572760323836 44.3991675066354 5.1909788769429 14.1845247644664 2.23490214587868 0.242502276637945 0.180150528892052
1 17.7973716116031 12.794706378615 36.3145437783959 1.80822750048657 4.55550047668946 0.235719874492547 0.322826969525045
1 7.11647727459921 43.4835828334396 7.18343529820299 3.38538901539707 1.15189789010598 1.03799523211223 0.238818960023596
1 8.90648253148059 22.6546232132903 13.3435019412815 10.0843364457992 0.889682079852474 0.623887621343315 0.698253344970272
1 11.0062014033125 152.505243438336 49.5122584083485 0.779297129852807 0.377225666551397 1.47343494378986 0.0229935307761144
1 5.70873417901275 249.073832746391 36.008157541383 9.48988496066464 4.4991467919334 0.26276145502855 0.208112630737834
1 2.13741429716393 53.3108288966288 10.6148026069722 43.1159799011657 7.74091130875514 0.310992421563827 0.0720565080223409
1 10.6848071725058 25.3890156254372 50.6393454562298 5.6783597628668 8.70995249694434 0.758790460819939 0.0238741927550024
1 10.6624273127702 14.6197153179786 78.2486864556105 3.96051585957329 2.88221668946918 3.8013769996812 0.120476031522016
1 8.17524179894642 74.0219540278675 99.6483861059446 19.7514287250461 3.52286641078081 0.973111719573338 0.0108537804386429
1 25.043122468268 29.2130763032995 46.2947921086004 15.5540856516074 7.49216428360181 5.54817563008832 0.0239976806700595
1 9.89432276655636 78.3438335347046 51.4602314745953 11.6152142559761 1.24507652506262 1.01359520968072 0.0361895750570138
1 31.8191182077279 108.948698504238 59.5004270896632 17.6870024064202 4.33442467788466 2.20059173347331 0.303603350659369
1 6.70089184636319 47.8315812960916 7.30881901956251 150.395340913956 46.6906301220883 28.507352124169 0.984925123889407
1 22.3423695479348 173.657922871282 31.1563689616065 27.2999298014916 48.3601721884225 9.15574692209067 2.63711032472851
1 24.1346883391343 183.350235117893 73.1165846122689 160.803386584528 10.7873002418318 4.68082722018961 6.089935535001
1 70.8187970377352 61.5074108478659 173.832551636788 82.7390892064951 29.9807776155302 15.0770039734052 2.20177264794476
1 6.91164091170546 372.721493536976 84.3394951333124 44.0059208309878 30.4460878293167 8.98957951413344 11.3760460232491
1 44.2918535508096 289.668969675641 80.6364245070693 19.5773012940368 16.3217393732939 15.4853156882873 2.24913635656325
1 15.2593730868827 218.972491086787 32.5401037350147 62.6798203969497 34.4108115763065 24.0883981006464 4.35520256122176
1 19.6535682092651 109.444263239359 116.399662930059 175.67283926287 67.5674474011725 101.602900766234 15.6295385970131
1 41.5578817650412 92.9826998225194 251.450617170492 112.92066681485 12.8125293211941 48.2451368162039 17.9569608421499
1 11.3728393212643 282.524270525868 101.992390618771 132.157553837329 73.0272891842487 142.609560200392 9.26593801000157
1 8.27957949376622 361.506867272914 266.814596998358 88.0769623012302 46.0447182334858 20.3696598387955 32.8543424869263
1 8.14393157626088 47.9426864569378 1101.33245145641 13.3818503815757 18.3224801503096 190.015027074222 30.4204022332621
1 10.4241205330396 61.9745725666016 40.9847629555349 61.2745134866882 5.74972904437896 19.1939847000445 55.903513956301
1 4.13857179061666 155.795137118026 59.2881045190927 21.8208556002735 6.53900075403594 20.5409358047112 4.03185318421179
1 7.65666461522779 128.094662003675 44.4319409703432 106.93375241084 2.10746423667313 38.6258209499117 16.5468278988881
1 21.2352018054547 140.272942849923 84.8787546510095 105.270670991419 10.8979312990068 2.44330242835167 2.22691397096462
1 23.120543042856 70.2051201927614 62.6619347373721 15.9124736196545 9.03809687013251 6.90866272470667 1.18662222609544
1 175.673562787019 108.022396235494 21.8827510634137 13.5020001135103 13.1535289401349 9.2858821922359 2.41662356193989
1 30.3528134225025 104.206605245433 191.493967600591 32.2319776374523 3.52289284400771 2.17218047668885 1.21616729958028
1 18.4616281595557 192.828073076401 45.2092634999009 102.718683796498 2.09904203163717 1.98572300405181 0.88790265303251
1 6.27392787744717 71.2289935821071 41.9536830664622 51.7504532871607 18.4043706467619 9.49822649758991 0.993769668464018
1 9.02402327756016 7.61839319925417 55.352954291965 21.6712033256866 18.5082212882278 14.7468762214543 3.43483376029606
1 71.043344164768 47.543405114661 56.5649078224877 46.4538764245837 20.6858960246375 24.3723424695723 17.8380759706413
1 10.070093447924 175.109002585729 26.1341450417866 2.35217461929245 28.7514747931822 15.6633060238168 35.4298428037086
SummerNMFS
1965 2017
1 1 0.25 0.75
2 8
1 0.472153108592339 1.6642480106089 3.9403590282978 1.64122887362763 0.0113640309145439 0.113631917305088 0.343326950838325
1 0.257876052764351 12.6438713918799 7.98914299370818 7.44612458790956 1.35192535055261 0.0105882268850984 5.80066517499821
1 0.0882593855056327 6.61348022896414 18.8283291585828 2.55306910613928 2.47260789317402 0.735920439687891 0.928245835164797
1 1.36057028038994 6.69373874746888 7.97560065849328 22.4576323725876 0.436000333615352 2.13062124986425 0.125323410454672
1 2.89508981398531 7.38106590797652 3.70484627679431 0.972992382424195 4.81462302808422 0.679605443074195 2.68718943424967
1 0.305126642065081 5.85861999004142 5.00348087704192 1.28286197946508 1.25410483715725 2.70455001714687 0.942610769722009
1 0.493464146207755 6.82846091501947 3.95350153480645 5.06609255778521 7.0253720274848 1.38175575597535 1.11387632309214
1 3.46355512882245 2.34672890441352 5.59741873316959 1.54318417973843 1.34343307082213 1.66423553902951 0.761908596696593
1 0.973467121941334 4.43507928131542 7.58301391458152 2.42571535297318 0.442829204857046 0.705459713577998 0.562956892140348
1 0.195913019942617 1.54741374903982 2.37039779533834 3.82572628146113 1.89736746893867 0.29452110583625 0.667880411367459
1 0.0562880367809006 0.187199871241556 11.1941922196515 6.99899504886216 2.83035777177368 0.762580301069499 0.385291513497017
1 0.17507095278366 6.41914254107384 1.28409859786474 4.45134539659434 1.55112077964592 2.95000146360581 0.494069986362974
1 0.0876783306026199 1.4538442786 3.42093846764054 0.929536502788009 0.410118856745892 0.917152493613946 0.486889979238205
1 5.04885011827566 1.19123828203367 1.26888475446165 1.05071614578395 0.136902124776854 0.217198457221167 0.225805942850195
1 0.274025415903715 0.424767840900407 0.761157159362892 1.30680670394994 1.77798512496727 0.32116757190832 0.256988014599976
1 0.119621248478232 2.20190757590399 1.1205704845357 1.81710475534371 0.199945540612697 0.312906125689889 0.0391551375901676
1 0.0161225113289564 2.59235042759193 1.64756277803475 0.460860684020868 0.452263684133361 0.0193689076169663 0.116664867901641
1 0.0122695228463244 0.393022755163183 1.1982889493709 0.683254818821698 0.286460246809494 0.160736640571173 0.088650335050223
1 0.580045436204827 1.85098552159805 0.243320628349056 0.633971193715736 1.7238972978473 0.23397867407065 0.163044862438045
1 0.0749354311810495 3.68860008658951 2.45487487177397 2.94016107582501 0.128489496552529 0.0386756101929732 0.0899872852100735
1 0.0155950683958503 4.88174852776494 6.93266090016986 1.33827372386119 0.267429072858805 0.0800124858906119 0.0193570345755539
1 0.0653409647504667 5.4044967982154 11.8969576665684 1.22054873088378 1.02295458160665 0.0690015321528987 0.0223280450467388
1 0.0814983384385512 4.09003447843789 25.3229319478301 0.774201154354466 1.68670456565415 0.0672384207273086 0.00188219479471493
1 1.04775456447677 3.55150267532635 4.16563188880494 1.22962359165261 3.49352064805838 0.280993740051978 0.0145615751092138
1 1.39854252840016 2.59656845764804 15.3609017324404 2.96058057261444 2.74581915560885 0.352842090404589 0.0511341189699345
1 0.0264249123602881 13.0642427041029 9.70023050870609 4.74030847314725 1.78600621421814 0.71319812333844 0.00906546267644053
1 0.367141874222952 7.57627346985053 8.5909058561238 5.5275521439437 1.82914376561939 0.126598893953583 0.0195093648456762
1 0.329798010161222 4.76287095549546 11.909893421687 4.33584455744196 2.26430150046874 0.740142482533033 0.0917867776987749
1 2.40869189947637 4.66234202931571 2.14910149385977 17.7615113303061 11.5086422322831 0.583695811838598 0.121633615629931
1 0.801097749719436 4.02023664539637 10.4088801712815 5.83094433914482 3.05485032731794 2.81060722088375 0.269533385151621
1 0.0426442259412036 2.19101897231422 5.51579090865273 6.79734788489052 3.39610408324752 2.63310020865017 0.309189425880168
1 0.0632953817114423 6.58033515475523 3.02992357880493 11.1144150432387 9.67842500715979 1.43312381762901 5.05953232209438
1 14.889643299013 20.0570889499418 5.31196044208312 3.21578342297654 7.5130491690914 2.15619046625143 1.76768791007307
1 0.152153978563781 6.65792421572481 6.64465609127479 4.02460962212705 5.43106797168781 3.72934708231771 1.61183775094345
1 1.44013089679893 13.1604256418917 4.30764342542113 13.0057272424897 4.81143905632554 10.6675722467605 0.898888688639098
1 0.182472441574951 23.4170979460653 12.2075225147022 7.64866894632246 5.334214400635 3.3447682354252 0.173972132613342
1 21.8480541786946 13.1124524318966 3.15984897067659 20.3381928146547 7.26453457106216 4.74897661398021 2.15600460245988
1 6.27935965423592 6.27226622278177 49.9402083723862 19.268030189532 6.47342815675846 41.8973648502406 18.2257313673572
1 2.51633789137006 4.04326225122801 24.6267775241403 5.17953470607498 9.673514737477 1.93421477102865 2.79940146464392
1 3.26522767186932 1.2186719809611 10.7516271424633 16.4442813714206 1.55655133196327 6.00486796775941 1.43321674956152
1 0.118126972055253 2.43349822821714 3.93061578032596 8.34718872170292 2.26831894158208 3.23086332715298 3.62409893255045
1 0.150640776285284 3.71501600876004 23.1061640396779 6.93565553284419 20.9648981491703 4.00204422802897 16.9934307531947
1 0.463992286367057 5.64275075329388 29.3017416129825 6.52131877365706 1.88287397001276 10.5462865617324 1.99693110899264
1 2.42776699844217 25.2026455651178 2.32345204388763 12.1201855819276 1.05076806554836 1.05768442757016 1.35495916218803
1 0.0718186259403516 12.683652463696 20.1223192227436 5.05581397082902 8.46670881658549 0.904204928211816 0.276777572240821
1 0.152417060321714 8.25972042361538 3.20890134871981 2.67105118814912 2.70507388277329 2.44904658672443 0.52205487360642
1 5.94979598160881 26.3906228477207 4.56027058904318 11.1332839846871 1.5225831922013 1.15863547757857 0.571723534811468
1 14.7567270409775 19.5686258320991 61.5350181535106 3.3631952482809 3.65296946419276 1.45294509286141 0.277949201248324
1 0.341244206610683 14.7192962597227 49.8140229125944 77.99259958998 0.462510008016201 1.0502499420666 0.278023595944819
1 0.00932613318122032 24.7929930302991 8.62232648283866 17.9835049792915 19.2321345748244 0.807306686205616 0.132385672147441
1 0.318146041812127 3.14167271247578 3.36862121150259 15.9285208404078 7.9475039529528 1.95198473572484 0.668995823760118
1 0.614465086212975 2.02558980305926 11.5134439947273 3.40082662442873 5.39028064478191 3.99939818629526 1.40007625027167
1 5.66918468447687 1.34129295525247 4.38763424326345 1.08424633888362 2.38520967934414 40.0627556899133 7.07400289666064
