US Atlantic Herring Survey Data
105
Spring NMFS Albatross
1987 2008
1 1 0 0.5
2 8
1	1.4301	2.1326	3.8312	0.2283	0.1411	0	0
1	3.2381	3.9697	3.4938	3.2952	0.3137	0.0131	0.0001
1	1.658	1.6591	2.8882	1.9899	1.3729	0.1297	0
1	2.9868	2.3811	2.6662	1.1604	0.1559	0.0019	0
1	4.875	6.8097	10.9051	0.9585	0.3009	0.0579	0
1	11.0116	15.9915	6.5048	2.0534	0.5768	0.1885	0.0036
1	7.42	32.6966	25.6137	5.7219	0.9143	0.0695	0.0012
1	4.354	3.3849	12.1079	10.9991	3.305	0.5151	0.0418
1	6.0638	3.771	3.2332	11.6604	2.8375	0.5216	0.0132
1	40.9127	8.4802	5.0587	2.8012	4.4838	2.5165	0.6679
1	20.3672	34.3034	5.9094	2.7136	2.6219	1.1447	0.2116
1	4.7496	11.7395	27.43	5.0224	1.5909	0.8935	0.2647
1	2.175	19.0426	10.9872	43.9834	6.5674	3.0265	1.1342
1	15.1069	4.0401	4.4708	4.5396	4.1442	0.7461	0.2247
1	5.3828	19.4053	1.827	1.8905	2.8553	3.1692	0.5431
1	5.8638	2.4822	13.4355	2.0679	1.7669	1.0468	0.6032
1	2.9191	2.0033	1.5564	6.3048	1.9577	2.1107	1.0006
1	31.2866	11.2111	1.1611	0.6636	1.7238	0.9767	0.9761
1	1.1966	13.5144	2.4746	0.7232	0.2875	0.6889	0.9875
1	1.099	5.1505	8.3024	8.1319	1.5364	0.829	2.1034
1	2.9248	3.3038	3.6634	3.8705	2.2822	0.5236	0.767
1	0.0611	4.1019	5.3041	1.5949	2.3327	1.9693	1.2972

Fall NMFS Albatross
1987 2008
1 1 0.5 1
2 8
1	2.274	4.309	3.380	0.435	0.243	0.036	0.016
1	1.129	4.006	5.103	1.986	0.212	0.070	0.001
1	1.571	4.862	4.515	2.257	2.374	0.276	0.104
1	2.924	10.025	2.140	0.478	0.100	0.052	0.003
1	3.050	12.983	6.116	0.967	0.187	0.025	0.001
1	2.512	28.600	18.621	11.238	2.005	0.511	0.000
1	0.398	2.021	7.637	6.848	1.656	0.329	0.006
1	0.819	1.158	4.625	4.079	3.336	0.996	0.337
1	0.657	8.770	9.905	26.533	23.569	8.067	0.936
1	12.142	7.553	7.592	3.187	7.050	3.610	1.051
1	2.050	19.543	5.234	4.675	4.833	4.058	1.049
1	1.795	3.198	9.397	3.170	2.360	2.272	1.002
1	0.294	3.101	3.513	5.522	1.458	0.828	0.437
1	1.245	1.159	4.251	6.227	6.956	2.502	0.875
1	0.618	12.241	1.936	3.269	5.125	3.913	1.315
1	2.758	6.964	42.104	11.021	11.242	8.473	4.269
1	3.699	4.266	4.399	14.149	6.111	3.226	2.732
1	10.874	13.726	3.464	2.490	4.770	5.210	5.191
1	1.556	9.052	6.813	3.664	3.016	2.464	2.680
1	0.846	12.441	9.823	4.765	1.957	1.081	0.717
1	5.752	3.839	5.179	6.133	3.605	0.954	0.300
1	0.201	10.722	5.556	2.656	3.299	2.439	0.773

Spring NMFS Bigelow
2009 2017
1 1 0 0.5
2 8
1	7.23	18.17	49.36	15.39	6.41	5.86	3.70
1	236.87	56.06	7.86	11.00	1.80	1.30	1.12
1	28.88	300.92	55.34	5.83	6.78	0.97	0.93
1	3.92	6.38	72.39	12.13	1.54	1.02	0.31
1	116.57	27.37	20.92	33.55	2.25	0.74	0.16
1	15.27	69.28	9.40	11.53	20.98	1.62	0.46
1	9.64	8.63	28.26	6.37	3.81	5.76	0.72
1	0.57	7.92	12.83	39.96	5.69	5.18	5.48
1	0.47	5.93	9.22	5.51	14.07	2.58	2.48

Fall NMFS Bigelow
2009 2017
1 1 0.5 1
2 8
1	65.066	28.053	15.716	1.163	1.943	1.619	0.535
1	32.794	15.362	3.744	4.988	0.842	0.844	0.151
1	2.183	56.662	11.383	3.160	1.135	0.672	0.398
1	2.905	24.664	38.756	3.037	0.879	0.179	0.065
1	14.165	9.739	20.717	28.844	2.621	0.529	0.111
1	0.508	41.852	16.949	9.788	24.270	3.150	1.213
1	2.448	4.929	45.151	10.974	9.540	6.793	1.351
1	7.346	64.678	38.459	133.350	31.639	29.943	17.241
1	0.196	8.886	24.519	21.498	18.068	3.031	2.365


Summer NMFS
1987 2017
1 1 0.25 0.75
2 8
1	0.3012	1.3059	4.4499	0.8638	1.0207	0.1157	0.0628
1	1.1112	4.3375	9.5187	9.2261	1.1038	0.1272	0.0155
1	1.0857	4.1421	1.6065	0.7395	0.8406	0.2210	0.2947
1	0.8920	7.7455	6.5718	1.2756	0.2101	0.0718	0.0032
1	1.4112	4.7986	5.9352	1.1886	0.4698	0.1702	0.0063
1	0.3938	2.5757	3.2136	2.1973	0.4625	0.1152	0.0018
1	0.0074	1.5864	5.6463	4.9236	1.2207	0.1438	0.0018
1	0.0707	0.4653	4.2738	8.0602	6.0558	1.5653	0.2789
1	5.8587	5.4208	8.2729	30.4321	17.9943	6.4441	1.0471
1	3.0320	6.0518	6.0083	4.5659	11.3903	7.1891	1.9926
1	0.2664	3.4954	3.2130	2.8727	3.0301	2.6558	0.4666
1	0.1783	3.2688	18.3571	8.1458	6.8105	6.0757	3.1537
1	0.3225	5.5103	7.5270	20.0149	4.7724	2.1527	0.7802
1	1.9023	1.1857	1.1648	1.6964	1.7333	0.4368	0.1407
1	0.1849	4.9682	1.8775	3.4042	5.7090	6.2524	1.8838
1	0.0205	0.6208	8.0961	4.2929	7.8982	6.0830	3.2086
1	1.5026	3.4695	4.4483	17.7912	8.3970	7.6467	5.0448
1	0.5061	4.0865	2.2028	2.3202	7.6540	6.4184	7.4421
1	0.3529	5.4123	6.9658	4.6459	3.7184	5.0311	7.8236
1	0.0885	2.7221	8.5524	8.2818	2.2064	1.2906	2.3682
1	0.2849	2.1339	5.4307	8.4328	5.5675	1.3844	1.3559
1	0.0015	1.5806	1.8497	1.4574	1.8100	1.6410	1.2698
1	0.1573	0.3369	1.6428	0.7706	0.9844	1.1473	0.8609
1	3.6535	6.5330	2.5128	4.2858	1.0820	1.1033	0.7196
1	1.1105	16.6852	4.8357	0.4671	0.3099	0.0943	0.0873
1	0.8350	4.8714	14.3303	2.1433	0.3375	0.1649	0.0175
1	2.3445	2.1918	1.7865	2.3777	0.1930	0.0629	0.0137
1	0.1029	3.4376	1.1855	1.1790	2.5595	0.2365	0.0890
1	0.2074	1.3054	14.9619	5.2533	5.9803	8.2271	1.4741
1	0.0316	0.3068	0.5687	3.0763	0.5896	0.4518	0.3263
1	0.0006	0.1716	0.5164	0.7169	1.3520	0.2960	0.3527

